38.73790966252178 -9.138699906919856
38.73790626411672 -9.13870046899965
38.73790630878614 -9.138700477229902
38.73790594000008 -9.138700510303247
38.73790594895299 -9.138700514942256
38.73793957075079 -9.138694038857404
38.73793955938721 -9.138694039118935
38.73793958212448 -9.138693999977347
38.7379396115726 -9.138693957343856
38.73795886424793 -9.138690512540036
38.73795893503595 -9.138690505185771
38.73795894134738 -9.13869049469178
38.73795899550911 -9.138690448640356
38.73795510708261 -9.138682806117087
38.7379551184185 -9.138682803069845
38.73795508169882 -9.138682823985674
38.73795508781418 -9.138682819879453
38.73792273731908 -9.138702518829652
38.73792271273495 -9.138702529449745
38.73792278327204 -9.13870248502604
38.73792280688703 -9.138702425202885
38.737956309730265 -9.138682047105679
38.73795463764729 -9.13868308220363
38.73795459404033 -9.138683104585857
38.73795454363681 -9.138683119934432
38.73793242274746 -9.138696460911177
38.73793233870506 -9.138696515317147
38.73793239936633 -9.138696491966147
38.73793238068609 -9.138696497135012
38.73796045385526 -9.138679348673264
38.737960072688075 -9.138679592824134
38.73796005512093 -9.138679603983139
38.73796009160582 -9.138679618517168
38.737969185495466 -9.138674147683219
38.737969167349085 -9.138674162101365
38.73796839821964 -9.13867460188012
38.73796843186071 -9.138674589925253
38.73793181496006 -9.138696795169611
38.73793180216276 -9.138696805057698
38.737931794326705 -9.138696819765338
38.737931820287294 -9.13869678060683
38.737931792662636 -9.13869680192678
38.73793185390804 -9.138696765749756
38.737931874889995 -9.138696730297479
38.73793184044642 -9.138696710750457
38.737931816748834 -9.138696747293599
38.738010031654646 -9.138671746245251
38.73800790057286 -9.138674158903465
38.73800918262406 -9.138672667325908
38.73800914359145 -9.13867267976996
38.7380348557722 -9.13866482904598
38.738034851711014 -9.138664808120744
38.738035933172995 -9.138663612861867
38.738035870226064 -9.138663681872952
38.738027788409234 -9.138666141257572
38.73802566899012 -9.138666772173975
38.737985335965604 -9.138665652606878
38.73798840263122 -9.138678799661498
38.73798833815224 -9.13867880876782
38.73798842145916 -9.138678754959475
38.73793041109768 -9.13869728229018
38.73793040992927 -9.138697272440753
38.73793036787113 -9.138697287920325
38.737977258598896 -9.138682317937
38.73797721898678 -9.138682368187858
38.737963937533685 -9.138686568063491
38.73796438311777 -9.138686434219952
38.737930280676345 -9.138697319067566
38.73793025753367 -9.138697316758732
38.737930364460716 -9.138697281131734
38.73793031087709 -9.13869729405226
38.737930290062714 -9.138697293392799
38.73793036264253 -9.138697257379272
38.73793033047624 -9.138697276028347
38.73793027982058 -9.138697284952809
38.737930310975074 -9.138697267658845
38.73793027042288 -9.138697274965308
38.73796616724716 -9.138685953641833
38.7379798012646 -9.138681606635654
38.73797973006853 -9.138681637876335
38.737979689534605 -9.138681630259807
38.737979702828824 -9.138681671609602
38.73797748079762 -9.13868234272844
38.73797738872355 -9.1386823710178
38.73797742071239 -9.138682366422715
38.73797737287804 -9.138682399821201
38.73798214939037 -9.138680869869832
38.737929816095225 -9.138697851163165
38.737929709554436 -9.138697871143231
38.737948968582174 -9.138691723281074
38.737948929255296 -9.13869172721911
38.737948977131296 -9.138691691918128
38.73794880154384 -9.138691757900004
38.73797825820285 -9.13868247295381
38.73797825651747 -9.138682479704771
38.737978198223516 -9.138682494555452
38.73797823714503 -9.138682487333517
38.737993590152 -9.13867761356668
38.73799563840343 -9.138676951245836
38.737995613480834 -9.138676947759382
38.73799557697054 -9.138676951937379
38.73800460920054 -9.138674069791357
38.73800469593612 -9.138674071226284
38.73798272271582 -9.138671702391562
38.737984507790564 -9.138673312223112
38.73797587833823 -9.138665044834703
38.73797180601667 -9.138677950462435
38.73796490427711 -9.138672738049582
38.73796026250495 -9.138681518350522
38.73794212039756 -9.138687149247176
38.737960162070074 -9.138684321733198
38.73796233881168 -9.138680526335385
38.737958188013174 -9.13868399267334
38.737943077569064 -9.138695491393936
38.73794312188272 -9.138695454544374
38.73796007798471 -9.138697650980829
38.737960124514814 -9.138697658394602
38.73796019986537 -9.138697578519304
38.73796037211812 -9.138697537124429
38.7379401667839 -9.138703170775822
38.73794021127599 -9.138703136947937
38.737940208592576 -9.138703137291708
38.73794022174498 -9.13870311966671
38.7379471934824 -9.138701564446647
38.7379471778787 -9.138701585661112
38.73791194185789 -9.13871467039523
38.737912036553126 -9.138714648044484
38.737916359878405 -9.138712166454951
38.73791622951545 -9.138712234729283
38.73791618234889 -9.138712261441489
38.73791618698405 -9.138712267327444
38.73796188137691 -9.13870234492619
38.7379566903392 -9.138705575593109
38.73795664968782 -9.138705568323077
38.73795667244506 -9.13870558181021
38.73795644131746 -9.13870591496362
38.7379481700737 -9.138686607845191
38.73796303009024 -9.138699874855517
38.73796296822506 -9.13869987640364
38.737963009196854 -9.138699902600575
38.73797506542391 -9.138698270908947
38.737933073342866 -9.138705061088416
38.73793303683306 -9.138705067683361
38.73793300795975 -9.138705064359115
38.73793296946682 -9.138705136324845
38.737925018831056 -9.138707596327338
38.73792458078699 -9.138707916629276
38.737973454469405 -9.138699267281211
38.7379233812384 -9.138708725402818
38.73792337742976 -9.138708712704133
38.73792634399168 -9.138706969501019
38.73792638674319 -9.138706943145705
38.737925997759575 -9.138707209367148
38.73792602173412 -9.138707218307175
38.73792601234387 -9.138707219144168
38.73792615785109 -9.138707135284035
38.73792613707603 -9.138707148278069
38.73792607743514 -9.138707147755671
38.7379626689482 -9.138700439327655
38.737962671051605 -9.13870045174886
38.73796252029556 -9.138700489023051
38.737927047500776 -9.138706624514734
38.73792476324254 -9.13870805709915
38.7379585446406 -9.138702240595839
38.73792472728619 -9.13870806274469
38.73792475329794 -9.13870808602044
38.73792421933261 -9.138708437289871
38.73792425289442 -9.138708435761673
38.73794186471879 -9.138706171279193
38.737942316918584 -9.138706056318423
38.73794224419307 -9.138706093471638
38.73794625632442 -9.13870432561774
38.73794624380477 -9.138704329457115
38.73794629338505 -9.138704341986454
38.73794641557462 -9.13870432091441
38.737955778648114 -9.138703142129168
38.737950375054204 -9.138706982351147
38.73793643450919 -9.138709865399845
38.73793643312689 -9.138709830635213
38.737905840267075 -9.138699465730847
38.737907687876856 -9.138699562792794
38.73789218755614 -9.138724982451134
38.73789209381245 -9.138724959140525
38.73789199045 -9.138725049195271
38.73789197654917 -9.13872505286633
38.737935271417435 -9.138695011673
38.737899575217035 -9.138723700023043
38.73789989790069 -9.138723672955305
38.73790002920582 -9.138723613722226
38.73789225125588 -9.138724829471224
38.73789218697506 -9.138724853184012
38.73789215367236 -9.138724834384918
38.73789183658646 -9.13872504745733
38.737891771916296 -9.13872507623912
38.73789170105961 -9.138725066578422
38.73789176945878 -9.13872502018723
38.737917005284764 -9.138721229434713
38.73789015927153 -9.138725711159742
38.737890177579885 -9.13872569820796
38.737890051130876 -9.138725680480992
38.73789004049594 -9.138725712475187
38.737890033204984 -9.138725779746611
38.737890009532656 -9.138725743307985
38.73788989575405 -9.13872575308599
38.73788994221688 -9.138725731730727
38.73788996012167 -9.138725684230359
38.737889956305175 -9.138725706934853
38.73791697756577 -9.138721313493058
38.73791703879608 -9.138721271849862
38.73791708732431 -9.138721266183884
38.73793244746372 -9.138718823972722
38.73793254284127 -9.138718861791661
38.73793929740649 -9.13871779828254
38.7379392889819 -9.138717797230395
38.737939129520065 -9.138717913246278
38.73793900855254 -9.138717926599591
38.73795151988298 -9.138715931115076
38.73795161853211 -9.138715927718756
38.73795156265166 -9.138716042089213
38.73795152505052 -9.13871604185903
38.73793145269041 -9.138719189499856
38.73788937206207 -9.13872594279376
38.73788936684994 -9.138725912991942
38.737889377660636 -9.138725900988259
38.737889319690474 -9.138725922034865
38.737889316726275 -9.138725910286759
38.73788931114959 -9.138725919333353
38.73788919310201 -9.138725941779988
38.73788920282252 -9.138725938941695
38.737889252275565 -9.138725889766723
38.73788927031677 -9.138725871355454
38.73793995815959 -9.138717897596548
38.73793986007306 -9.138718020574759
38.73793832975251 -9.138718255005474
38.73795005717405 -9.138716381386816
38.73795010271533 -9.138716393144598
38.73795005499721 -9.138716449328342
38.73795008126571 -9.138716448921933
38.73795015128504 -9.138716408270138
38.73795021061708 -9.138716404214044
38.73795017786057 -9.138716413122223
38.737947525410235 -9.13871682861027
38.73794749184216 -9.138716859683257
38.73794752186366 -9.138716863424953
38.737943324910624 -9.13871751516643
38.73794785543297 -9.138716803756749
38.73794781712685 -9.138716898135229
38.73794778391979 -9.138716895004432
38.73794424590167 -9.138717465097434
38.73794422997604 -9.13871744389758
38.737943398569854 -9.138717617772015
38.73788784909036 -9.138726416948694
38.737887727624035 -9.138726533935158
38.73796849681461 -9.138713888376994
38.737968534735494 -9.138713887315332
38.73797052709077 -9.138713597315233
38.73797052338549 -9.138713587503606
38.737965310705746 -9.138714390092169
38.73796528815691 -9.13871442571967
38.737965239540756 -9.138714465043691
38.73796649117571 -9.138714297077268
38.73795156972176 -9.138716598881947
38.73795149859872 -9.1387166111262
38.73794607504369 -9.138717512540396
38.737945930938 -9.138717530690665
38.73794591700354 -9.138717545190241
38.73794586521771 -9.138717570768687
38.737936094104796 -9.138719081613779
38.73793604955667 -9.13871908743649
38.73793615297253 -9.13871904799921
38.73793685366639 -9.138718919324848
38.73793494430219 -9.138719228165767
38.73793491596361 -9.138719228609393
38.737888407745864 -9.138727839837923
38.73788839189633 -9.138727865672259
38.73798062980587 -9.138713704213568
38.73798066730397 -9.138713698302858
38.73798075957535 -9.13871364062281
38.73798067798365 -9.138713622940246
38.73799588283323 -9.138711311833909
38.73799591183084 -9.138711289130699
38.73799589215143 -9.138711348671468
38.73799598306144 -9.138711316442764
38.737985973139516 -9.138712839709708
38.73798617966838 -9.138712794684327
38.73789045891628 -9.138727166534318
38.73789042308263 -9.138727186869678
38.737948842639724 -9.138718318434293
38.73794886269723 -9.138718281384337
38.73794878802889 -9.138718313361
38.73794886789778 -9.138718312954706
38.73799213173953 -9.138711728121002
38.73799218197578 -9.138711698112852
38.7378909021214 -9.13872706385712
38.737890900033754 -9.138727023716593
38.737996771236645 -9.13871100935854
38.737996848154985 -9.138710993260204
38.73799677931321 -9.138711093788654
38.73799677387116 -9.13871109334441
38.73799659761617 -9.138711117064464
38.73799665204685 -9.138711086697185
38.73799671532515 -9.138711140459241
38.737996689242394 -9.138711131515834
38.73789017118309 -9.138726360990395
38.73789017082425 -9.138726391977599
38.7379587815684 -9.1387161363787
38.73795866415067 -9.138715576908263
38.73795868129169 -9.138715554838022
38.73794908083174 -9.138707755626108
38.73794896050423 -9.138707742749409
38.73796672286033 -9.138712107954404
38.737965607782535 -9.13871206692063
38.737965595411396 -9.13871211507807
38.73796730719954 -9.138712066596417
38.737963978678096 -9.138713766709017
38.737963959889434 -9.138713784098421
38.737964473241476 -9.138713805715247
38.73796858208841 -9.138713710511071
38.73793982490197 -9.13871039839333
38.73793975728315 -9.138710386499799
38.73794518176065 -9.13870833833292
38.73794442974426 -9.138708580603305
38.737890526785925 -9.138724977006214
38.737890562552415 -9.138724921861412
38.73789064328952 -9.138724890190664
38.73789061413932 -9.138724911296867
38.73789052629233 -9.13872492504301
38.73789059079198 -9.138724888433304
38.73789059516297 -9.138724879945004
38.737890612797514 -9.138724879061106
38.737890583658185 -9.138724872982865
38.73789058164937 -9.138724883057163
38.73798900276791 -9.138701824246565
38.737986144724076 -9.138701863105073
38.73796099581141 -9.138714353596704
38.73796095636373 -9.138714399366561
38.73798307708019 -9.13870342658063
38.73798517876664 -9.138703531568305
38.7379818981164 -9.138696336415622
38.73798359263265 -9.138704943169884
38.73798362486113 -9.13870494086972
38.73798774384867 -9.138704836353462
38.73794405078334 -9.13870846128673
38.7378904335007 -9.1387248658344
38.73789026506986 -9.13872491635527
38.7378903236856 -9.138724837161117
38.737890258157655 -9.138724911862827
38.73794909514981 -9.138706949932383
38.73794008598902 -9.138709487810617
38.737890140155734 -9.138724722254594
38.73798098865065 -9.13871126293435
38.73797504940655 -9.1387121582772
38.73797605792851 -9.13871197226169
38.73797609843455 -9.138711947541774
38.73797621421228 -9.138711849554568
38.73797608551809 -9.138711888192583
38.73797891870176 -9.138711440493397
38.73789017900597 -9.138724600488402
38.737952323880705 -9.138705517871914
38.7379523250842 -9.138705514679462
38.73795228596544 -9.138705538516282
38.73795448577755 -9.138704837590655
38.73795798953275 -9.13870377286322
38.737957990453715 -9.138703762829897
38.7379580767002 -9.138703752200204
38.7379579953557 -9.13870376419187
38.73796863826114 -9.138700508027634
38.737968576524516 -9.138700588437612
38.737941818497355 -9.138708550890362
38.737941856865916 -9.13870853955878
38.737948319708245 -9.138706509260825
38.737948419257535 -9.13870651006283
38.73794404341845 -9.138707774793154
38.73791884676595 -9.138715529515585
38.73795767834809 -9.138714212943945
38.737957720865225 -9.138714212633205
38.73794687499435 -9.1387157844819
38.73794685230607 -9.138715786623697
38.73794962342068 -9.138715369205507
38.73794961677109 -9.138715398095464
38.73794882192673 -9.13871545008146
38.73798426441179 -9.13870457153683
38.73798426224142 -9.138704580748756
38.73798426486874 -9.13870456494878
38.737994209744535 -9.138703930783194
38.73798549174647 -9.138706862894034
38.737985476942825 -9.138706890859625
38.73798550864727 -9.13870692580408
38.73789021270824 -9.138723871206137
38.7378901469577 -9.138723919880235
38.737890107775556 -9.138723881762196
38.7378901842535 -9.138723827817204
38.737890185179985 -9.138723810476426
38.73797131371034 -9.138711776234581
38.73797142096295 -9.138711706182177
38.73797145146439 -9.138711604649556
38.73793600231474 -9.138709628103392
38.737935850055266 -9.138709625946907
38.73793821560996 -9.138708925154477
38.73794513607151 -9.138706772658963
38.737945086394625 -9.138706743572556
38.73794509125733 -9.138706710320823
38.73789012345797 -9.138723494984188
38.73789023045674 -9.138723357130795
38.73793461241195 -9.138709815972808
38.73793470438782 -9.138709788571179
38.73793216074049 -9.138710548115546
38.73793221903046 -9.138710455646216
38.737932195031384 -9.138710473256472
38.73793209016252 -9.13871048193861
38.73789020819708 -9.138723240222253
38.737890174499434 -9.138723261824634
38.73789012137135 -9.138723269771601
38.73789013703167 -9.138723252418858
38.737890175524385 -9.138723238286566
38.73796879178083 -9.138711617437115
38.73797799049742 -9.138710239938446
38.73789014564554 -9.138723228623556
38.737890101403316 -9.13872324550111
38.73789015182624 -9.138723223657504
38.73794619251616 -9.138714644310472
38.737946166880256 -9.138714637044371
38.737946219876136 -9.138714614935813
38.737954261363306 -9.138711356002728
38.737959861777796 -9.138710832966856
38.737941193417626 -9.138707288725097
38.73795598820142 -9.13871320934332
38.73794959482628 -9.13870460389262
38.73794962939037 -9.138704591068809
38.73793814068595 -9.138708100780553
38.73794063499436 -9.138707270279394
38.737940645409175 -9.13870724654753
38.737952587507664 -9.13870364390716
38.7379458614959 -9.138705626658085
38.737945867753396 -9.138705613587906
38.73793087438257 -9.138710030924896
38.7379308767983 -9.138710064446602
38.73792370018444 -9.138712248130622
38.73792373112102 -9.138712221971508
38.73792371502809 -9.138712220613705
38.73795361334033 -9.13871311149204
38.737954957506574 -9.138712943926349
38.737927219122994 -9.138716977135415
38.73792723755379 -9.138716977519204
38.73793572736676 -9.138715606733877
38.73795804908622 -9.138712416753709
38.73795803326739 -9.138712420468828
38.737970890924 -9.138697978827228
38.73797087628801 -9.138697984426305
38.73791936985387 -9.13870450855111
38.7379244650697 -9.138698063927237
38.73790992908513 -9.138714336550642
38.73791011081934 -9.138714247012853
38.737979753569334 -9.138704468291772
38.73797832015525 -9.138704698992806
38.73797830936227 -9.138704691027657
38.737978196982134 -9.138704678178646
38.73797831464012 -9.13870462038718
38.737978920377124 -9.138700202463085
38.73798308080312 -9.138703974823322
38.73798112538375 -9.138698623584608
38.73794833000899 -9.138708394125759
38.73794824212249 -9.13870836512523
38.7379400572886 -9.138696232273084
38.73794011906694 -9.138696221960794
38.73793912266402 -9.138696787681088
38.73793912874637 -9.138696751110992
38.73793908354372 -9.138696730643911
38.73793914636882 -9.13869670576986
38.737916384695914 -9.138709747397652
38.73791629785831 -9.138709758993016
38.73791631480318 -9.138709765900572
38.737916289569036 -9.138709772229591
38.73791628904311 -9.138709761263474
38.73791620744756 -9.138709755434686
38.73791618173204 -9.138709784567894
38.73791620398434 -9.138709784291446
38.7379162002178 -9.138709751142787
38.73791617040481 -9.138709764911383
38.737950224156464 -9.138689567258586
38.73795025075924 -9.138689533038484
38.73795933476905 -9.138685796857501
38.73797362580783 -9.138693976312483
38.73801911159547 -9.138681867456123
38.738012179815485 -9.138690335288251
38.73801930195184 -9.138681764908563
38.73801918206312 -9.138681807849443
38.73801187796069 -9.138683738352585
38.738006370735164 -9.138689820153504
38.73801194017891 -9.13868371478531
38.73801194495734 -9.138683699138245
38.738018593792624 -9.138681819311133
38.73800093670064 -9.13868650013175
38.7380040630228 -9.138677443539692
38.7380040614465 -9.138677436150408
38.73785343453217 -9.138735475861129
38.73785225801974 -9.138736198852346
38.737852219308905 -9.13873624343378
38.73785204260911 -9.138736268475547
38.73788477310912 -9.1387254938814
38.73788458263517 -9.138725636253985
38.73788318121155 -9.138726556564357
38.737883261590596 -9.138726504317544
38.737920082761754 -9.138720468103918
38.737978480599956 -9.138712252258564
38.737978452654986 -9.138712250370531
38.737978826131744 -9.13871173483171
38.73797887512894 -9.13871173673729
38.73796340263418 -9.138713842060088
38.73796336253412 -9.138713829985841
38.73796386743274 -9.138713294378299
38.73796385510221 -9.138713302514507
38.73793882195389 -9.13871695153478
38.737874722731 -9.138721735175583
38.73787473140639 -9.138721734906259
38.737875431299805 -9.13872128965128
38.73787541643008 -9.138721270900895
38.73787543437951 -9.13872127513566
38.7378754878533 -9.138721175410236
38.737874798289866 -9.138721560845697
38.737874834815514 -9.138721500951037
38.737874875477026 -9.138721488888887
38.737874756205635 -9.138721479689616
38.73788549950001 -9.138709952839207
38.73788542123151 -9.1387099481627
38.737872883889864 -9.138723841255189
38.737872903765066 -9.138723811334629
38.73787290349106 -9.138723805437836
38.73789214329394 -9.138721027831272
38.73788878661384 -9.138713084314482
38.73791589071631 -9.138705059816514
38.737920214891325 -9.138701968394727
38.737920141644054 -9.138701951293967
38.7379086166206 -9.138705325690848
38.73790473115982 -9.138707707997158
38.73790463389889 -9.138707703587198
38.73790566557748 -9.138707399093382
38.737905053300146 -9.138707971715888
38.73788988955488 -9.138712471266732
38.73788985666277 -9.138712466481428
38.73789757708656 -9.138710386224563
38.73791820498965 -9.13870430138164
38.73791811101172 -9.138704327419816
38.73790939277091 -9.138705812052011
38.73790942817393 -9.138705791893
38.73791971538081 -9.138702842533478
38.73791825828616 -9.138704357202972
38.73791171881304 -9.1387054711013
38.73791295017602 -9.13870512376937
38.73791295372869 -9.138705096059144
38.737891709372015 -9.138711992806527
38.73789168492223 -9.138711965590293
38.73789169462796 -9.13871197289063
38.73789175770886 -9.138711932575266
38.73791348580029 -9.13870067207576
38.737913477779685 -9.138700673181653
38.73791343681845 -9.13870068635958
38.73791319274505 -9.138700868836082
38.737871593868874 -9.138712657336361
38.73787159982147 -9.13871263584998
38.73787091588853 -9.138712740742534
38.73787091018401 -9.138712747414036
38.73793385808477 -9.138694797461557
38.73793384743204 -9.13869481601431
38.73793687070179 -9.13869392037252
38.737936885815024 -9.138693887191446
38.73793687118694 -9.138693891872009
38.73793715367501 -9.138693678431409
38.73793148574514 -9.13869526487343
38.73793246245027 -9.13869497747941
38.737914328557544 -9.138700131911968
38.7379143499782 -9.13870012904309
38.73787124059284 -9.138712368128699
38.737871402298765 -9.138712302396401
38.737871494799954 -9.138712224089618
38.73787146616517 -9.138712223555416
38.73787138683019 -9.13871223689143
38.73787178349468 -9.13871200784542
38.73787176016555 -9.138711984149971
38.73787180819111 -9.138711930246345
38.73791029779128 -9.138700978625065
38.73791032657059 -9.13870096985617
38.73791047087918 -9.138700865046022
38.737922981298986 -9.138697278048253
38.73792297290886 -9.138697266168306
38.73792306746959 -9.138697255725168
38.73792333786376 -9.138696996752364
38.73792407826609 -9.138696754025606
38.737924651690754 -9.13869658802408
38.737924631730955 -9.138696580399188
38.737873150688266 -9.138710237457355
38.7378731830835 -9.138710229888098
38.73787315494398 -9.138710204117436
38.737874417205276 -9.138708550281656
38.73787429182428 -9.138708603653775
38.73787430994683 -9.13870858429676
38.737874382834256 -9.138708569541382
38.737874312886056 -9.13870858486288
38.73787430433756 -9.138708575244964
38.737874257886496 -9.13870858792713
38.73787422478145 -9.138708567551271
38.73787430191251 -9.13870847523658
38.7378743394038 -9.138708490597544
38.73790172430044 -9.138700775002967
38.73790234071372 -9.138700561584251
38.73790237649895 -9.13870054558731
38.737902849149656 -9.138700446951304
38.73790284132655 -9.138700454435357
38.737902754333525 -9.13870043026285
38.73790676554854 -9.138699224205281
38.737900779037446 -9.138700916829311
38.73790074905374 -9.13870093794837
38.73790076628787 -9.138700937704158
38.737903953251724 -9.138699877546795
38.73790388018853 -9.138699861846604
38.73790370913969 -9.138700008968202
38.737893190214116 -9.13870301320045
38.73789317754506 -9.138703017629128
38.73789319688684 -9.13870299461096
38.73789336504232 -9.138702901406027
38.737908876539144 -9.138698493315234
38.73794989389299 -9.138698991339105
38.73795345162379 -9.13869843173482
38.737959797594435 -9.138697654701115
38.73797938372589 -9.138695239459182
38.73797947577255 -9.138695195604987
38.73796674925962 -9.138696779612015
38.737966637896314 -9.13869681338154
38.73796669914893 -9.138696783255646
38.73796674212228 -9.13869680032842
38.73796059582679 -9.138697537936183
38.73796049389165 -9.138697738613391
38.73796056126966 -9.138697717578662
38.73796046565001 -9.138697734628789
38.73796902413916 -9.138696673229665
38.73796898874302 -9.138696720182079
38.7379080068297 -9.138698412787658
38.73790799264116 -9.138698446163081
38.73790828683231 -9.138698181115245
38.73791074673334 -9.138697378556715
38.73791086496601 -9.138697353199532
38.737912099240674 -9.13869694170464
38.73791203088416 -9.138696932763665
38.73790874676479 -9.138698098544097
38.73790871901747 -9.138698150013807
38.73786675316068 -9.138712350416508
38.73789048567724 -9.13870433373988
38.73789045153277 -9.138704364285418
38.73789064876339 -9.138704343049353
38.73789096168543 -9.138704198274187
38.73791771652925 -9.138695141812306
38.737917693168 -9.138695169761162
38.73791776487096 -9.138695172623997
38.73791773792316 -9.138695156804344
38.73792207663539 -9.138693701262582
38.737922053766034 -9.138693729859522
38.73794624103401 -9.138685691097415
38.737946274101596 -9.138685684017918
38.7379464096617 -9.138685700310498
38.73794596958542 -9.138686046139547
38.73794463502242 -9.138686449537845
38.737946245706404 -9.138685938129735
38.73794635279268 -9.138685942540311
38.73794627863867 -9.138686037046673
38.737955519979764 -9.138682943541506
38.73795558387739 -9.138682930814506
38.73789296721674 -9.138702906627367
38.73789271559971 -9.138703087185416
38.737892795418944 -9.138702996160523
38.73789277870396 -9.138702998483708
38.73789290549058 -9.138703015026854
38.73789292814434 -9.138702992488408
38.73789287616166 -9.138703024130633
38.737892909461905 -9.138703029725246
38.737893021358836 -9.138703022936333
38.73789267972223 -9.138703260424354
38.7379197857748 -9.138696096258979
38.737919720321486 -9.138696102033743
38.73791946759837 -9.13869619118088
38.7379194515042 -9.138696276967138
38.73791981838204 -9.138696196436113
38.73791977829711 -9.138696185636324
38.73791978367732 -9.138696219736003
38.737920505210546 -9.138695964699883
38.737930786593935 -9.138693076919912
38.737930823973024 -9.13869308016447
38.73789839070689 -9.138704722601124
38.73789845741792 -9.138704733730375
38.73789850825438 -9.138704744167384
38.737898290624585 -9.138704877566731
38.73789827548479 -9.13870485446293
38.73789831691696 -9.138704862613803
38.737898412586155 -9.138704884258704
38.737898600336955 -9.13870479475798
38.73789853998542 -9.138704859658606
38.73789850815691 -9.138704874217437
38.73793784886331 -9.138693824072588
38.737935943549125 -9.138694353322077
38.737935971609076 -9.138694363280608
38.73794628809246 -9.138691588477231
38.73794624687406 -9.138691580167794
38.73794638110141 -9.13869159271131
38.737946660038865 -9.138691385136756
38.73795387168458 -9.138689384338177
38.73795390411606 -9.138689363229293
38.737953894767465 -9.138689403441003
38.7379452293132 -9.138691919139212
38.73794529803881 -9.138691903562066
38.7379452573994 -9.138691894680399
38.73795945795523 -9.138688159540695
38.73795957624988 -9.138688187827682
38.737959674939724 -9.138688076636914
38.737966994079834 -9.138686119194624
38.73796705936307 -9.138686100543657
38.73796163886991 -9.138687602744078
38.737961154916995 -9.138687757915392
38.73796128083197 -9.138687743306127
38.73796121195875 -9.138687743858718
38.7379491724501 -9.138691127443835
38.73794920645436 -9.138691123761378
38.7379501138803 -9.138690933885776
38.73795012537176 -9.138690907548344
38.73795481888947 -9.138689650283128
38.737901340915144 -9.138705467516635
38.73790131601208 -9.138705452716577
38.73790135930537 -9.138705469415644
38.73790141717722 -9.138705490688048
38.73790136772279 -9.138705499675329
38.73790135591522 -9.138705493251305
38.73790135690809 -9.138705509342412
38.737901532242475 -9.138705498365638
38.73790143243355 -9.138705543234014
38.73790146389807 -9.138705527734599
38.73796813599707 -9.138687104830746
38.73796443928339 -9.138688168706981
38.737964406787576 -9.138688188662627
38.737964479633916 -9.13868818454157
38.737963717107256 -9.138688400215154
38.737963401850415 -9.138688525418178
38.737963429641745 -9.138688521493977
38.73796346563 -9.138688562210017
38.737961848053665 -9.138693303981588
38.73796074468277 -9.138689396154977
38.737901115931564 -9.138705969554454
38.737901134952544 -9.138705992219311
38.73790143119692 -9.138705854198736
38.73790145377928 -9.138705850395992
38.73790230109672 -9.138705581571118
38.737902568837264 -9.138705395220615
38.7379025395066 -9.138705414931254
38.737902526977805 -9.138705427090494
38.737903496501424 -9.138705174667777
38.73790363018589 -9.138705161147044
38.73790364458839 -9.138705136756878
38.737903709961536 -9.138705160649849
38.737903665574535 -9.138705198981087
38.737903630839654 -9.13870522609834
38.73790364240247 -9.138705195313358
38.73790372473527 -9.138705216056346
38.73790360213782 -9.138705266737556
38.7379036196963 -9.138705253420518
38.737903603492306 -9.138705274162332
38.73790364286555 -9.138705273430995
38.73793479942715 -9.138696594871691
38.73793500891042 -9.13869657398754
38.73793489121451 -9.138696632310934
38.73795958733221 -9.138689793265193
38.737959590612085 -9.138689794745474
38.73795962237854 -9.138689794989958
38.73793048859271 -9.138697897673095
38.73793683776224 -9.138696122313393
38.73793683447524 -9.138696172399685
38.73793687241545 -9.138696148041545
38.73792671349103 -9.13869892878082
38.73792527000131 -9.138699365129245
38.737924555134036 -9.138699624896349
38.73792363155949 -9.138700041796355
38.737923702787484 -9.138700010589098
38.73793367936951 -9.138697268906688
38.73793372136957 -9.13869726133628
38.73793390035237 -9.138697277764818
38.73793463404866 -9.138697058066786
38.7379347319625 -9.138697077704327
38.73794078791266 -9.138695557099712
38.73794995050925 -9.138693036375674
38.73794983685368 -9.138693049332444
38.73795023470494 -9.138692983591728
38.73798839516632 -9.138695188473642
38.73797779213088 -9.138696517091354
38.73795227526257 -9.138699724886951
38.73790445424169 -9.13871695493555
38.73790450432912 -9.138716929269897
38.73796316317069 -9.138690844581761
38.737963194388946 -9.13869083828588
38.737915782458956 -9.138711347537209
38.737947421478516 -9.138693954737523
38.737947462153834 -9.138693906212593
38.73794746003544 -9.13869389379262
38.737947669937455 -9.13869385866999
38.73794775946064 -9.138693807004563
38.73794767886199 -9.138693829056654
38.73794771436234 -9.138693839272266
38.737947748708656 -9.13869391137105
38.73794785572091 -9.138693816542704
38.73794780834303 -9.138693846268414
38.73794789931583 -9.138693813372672
38.73794791831046 -9.138693728383423
38.73792506796216 -9.138710665304528
38.737935553486444 -9.1387095214036
38.73793409885106 -9.138705288077817
38.737998335535785 -9.138684090039732
38.738021372787685 -9.13867895269815
38.73802141425402 -9.138678975232965
38.738021409284734 -9.13867900138561
38.73801901124808 -9.138679556120854
38.73801905396453 -9.13867951891352
38.73801899649403 -9.138679567017075
38.738019121726325 -9.138679538984297
38.737996508317934 -9.138684587043306
38.73799826688555 -9.138684281677929
38.73797891805395 -9.138690025173483
38.73797890112757 -9.138690026893816
38.737976120985685 -9.138690682511566
38.737973562768225 -9.138691225371435
38.73797341161371 -9.138691289455075
38.737974059886234 -9.138691123418186
38.73800392493429 -9.138684538713731
38.7380288957345 -9.138679186256203
38.73802884635248 -9.138679240083913
38.73802885379052 -9.138679235025705
38.73802883814624 -9.138679220441457
38.73804475687726 -9.138675876134343
38.73795139327235 -9.138696821177431
38.737951380124784 -9.138696815054988
38.73801630848834 -9.13868283545961
38.73801622079595 -9.138682856183365
38.73801632606111 -9.138682849338315
38.738016354821134 -9.138682867596332
38.73802767647963 -9.138680312148752
38.73802752922032 -9.138680387276976
38.738027602220185 -9.138680343486229
38.73802761338808 -9.138680371831628
38.73800177608525 -9.13868607537031
38.7380017193642 -9.138686094766994
38.7379489982467 -9.138697952166686
38.737948961807895 -9.13869792855374
38.73794896768647 -9.138697941857885
38.73794867818983 -9.138698068805507
38.73794867743972 -9.138698065239417
38.737948661443106 -9.13869807205283
38.73794869058685 -9.138698071745232
38.73794839640802 -9.13869821015283
38.73794830205272 -9.138698249386618
38.737948296894594 -9.138698233016731
38.73802212612899 -9.138681975314462
38.73802210610886 -9.138681999192169
38.738022130394434 -9.138681982866114
38.73802903519744 -9.138680602485781
38.73802896369212 -9.138680627704236
38.73802894702934 -9.1386806402296
38.73802896218161 -9.138680651121927
38.738028185626256 -9.138681071535782
38.73802812142022 -9.138681103432779
38.738028156252106 -9.13868113262001
38.73804590649602 -9.138677243245896
38.738047717497295 -9.138676823459502
38.73804768990646 -9.13867683131287
38.73804770724634 -9.138676859166386
38.73802178742495 -9.138682952543055
38.73802153941422 -9.13868302985971
38.73802162260652 -9.13868297875118
38.73802160724554 -9.138683045944884
38.73794421172867 -9.13870001006439
38.73794422762682 -9.138700003335241
38.737943121517496 -9.138700660357518
38.73794295289294 -9.13870069225746
38.737942797794865 -9.138700814854033
38.737942783700234 -9.13870079081476
38.737942758082625 -9.138700802693295
38.73794255979964 -9.138700859456574
38.737942535283636 -9.138700878810743
38.73794252087258 -9.13870087682414
38.73794252970132 -9.13870085743331
38.7379422993639 -9.138700939211306
38.73799198061628 -9.138690049009634
38.73800655503362 -9.138686818479128
38.73800660698036 -9.138686822389301
38.73800660156127 -9.1386868274417
38.73800662300283 -9.138686822181251
38.73801815412948 -9.138684382413533
38.7380181821981 -9.138684369128594
38.738018117719996 -9.138684417062812
38.738018166297245 -9.138684393737428
38.73802484107029 -9.138682976117092
38.73799962350421 -9.138669668213112
38.73793995600857 -9.138701857736567
38.73793988844941 -9.138701844076795
38.7379398349212 -9.138701826264267
38.73793973943931 -9.138701839898442
38.737939676533145 -9.138701898687469
38.73793963809705 -9.138701882366808
38.737939466723645 -9.138701926923645
38.73792581783646 -9.138688416855105
38.737939240667245 -9.138702043597368
38.737939265862735 -9.138702003185928
38.73790464340994 -9.138721931576232
38.73790446687174 -9.138722136958249
38.73790439476308 -9.138722148254912
38.73790447521629 -9.13872210859896
38.737869155054696 -9.138742632785956
38.73786901927421 -9.138742736858145
38.73786887897884 -9.138742770358569
38.737868905173144 -9.138742764346981
38.73787952842287 -9.138736008687458
38.737868778069945 -9.138742759767785
38.737936686045046 -9.138703192296552
38.737936656500935 -9.138703167239258
38.7379365410879 -9.138703273079177
38.73793655167077 -9.138703281351335
38.737936539314994 -9.138703292077581
38.73793651050406 -9.138703330345265
38.73793653267902 -9.138703437931898
38.737936607492216 -9.138703449193724
38.737936686264106 -9.138703434218035
38.737936640447366 -9.138703519717696
38.73793672590774 -9.13870353706373
38.7378335511083 -9.138763773083316
38.73783342700274 -9.138763858787968
38.7378334317897 -9.138763865982924
38.737833434614814 -9.138763883358289
38.73783221243971 -9.138764556872339
38.737830126701304 -9.138765816037756
38.737830168089275 -9.138765781780851
38.73783017056811 -9.13876578610252
38.737842603068046 -9.138758527358924
38.73784263371942 -9.138758517497202
38.73793660688442 -9.1387038768158
38.73793658346427 -9.13870388376925
38.737936532111654 -9.138703969259295
38.737936574622225 -9.138703976510845
38.73793651706014 -9.1387040945625
38.73793638244555 -9.138704178774102
38.73793645361923 -9.138704158791684
38.737936473667176 -9.138704149306596
38.737936508738024 -9.13870427714633
38.73787071541261 -9.138742587555155
38.73793638983481 -9.138704321083422
38.73793639472002 -9.138704358597037
38.737936379116185 -9.138704405811163
38.73793632814345 -9.138704437193535
38.737841397553986 -9.138760025244736
38.73784135585072 -9.138760052491937
38.737851346181536 -9.138754254188493
38.737851226279545 -9.138754362979538
38.73785120266708 -9.13875440392646
38.7378511838462 -9.138754387227488
38.73784338861272 -9.138758951214992
38.73784341428498 -9.138759067707184
38.737830749283766 -9.138766751881503
38.737833491160984 -9.138765234204255
38.73783343852808 -9.13876526741239
38.73783343577706 -9.138765291149392
38.73783706378701 -9.13876315673023
38.73783701852635 -9.138763278249282
38.73783696578867 -9.138763338574925
38.737833162244485 -9.13876585580379
38.737833248297974 -9.138765808969573
38.737820401021175 -9.138773332198175
38.737820250092575 -9.138773479724906
38.73783689439527 -9.138763808534703
38.737836748638735 -9.13876394975919
38.73785184478682 -9.138755272499562
38.737852900937725 -9.13875467878403
38.737853037997944 -9.138754650826666
38.73785297738339 -9.138754666930591
38.73785288153359 -9.13875470480685
38.737836462050716 -9.138764293073946
38.737835851316355 -9.13876477081244
38.737835780604335 -9.138764828507586
38.73783571484802 -9.138764830564273
38.737837210140334 -9.138764057876951
38.73783710702898 -9.138764095181305
38.737848504488355 -9.138757479978583
38.73785587393401 -9.138753155935806
38.73786461536217 -9.138748121045573
38.73786506679013 -9.13874794569749
38.737865974036595 -9.138747433399098
38.7378659203162 -9.138747475721791
38.7378659597762 -9.138747468407306
38.737865931981304 -9.138747460083177
38.73785771140596 -9.138752269677653
38.73785771461482 -9.138752346921303
38.73785774069803 -9.138752315819604
38.737857796643304 -9.138752298076286
38.737848798757575 -9.138757567530408
38.73793495272317 -9.138708007606168
38.73793497357247 -9.138708012233888
38.73793484646667 -9.138708547246825
38.73793478707171 -9.138708601812958
38.737934826832515 -9.138708581854615
38.737934790282935 -9.138708606471345
38.73793475456598 -9.138708693663837
38.73793487411297 -9.138708650907791
38.73793477240157 -9.138708711992155
38.73793482346935 -9.138708713150942
38.73793478373012 -9.138708741524336
38.737934665226 -9.138708826166466
38.73783633536583 -9.138766127515924
38.73783532883796 -9.13876679367826
38.73783535581465 -9.138766761681158
38.73783537236319 -9.13876675409861
38.73783118446665 -9.138769236318712
38.73783125602089 -9.138769217953811
38.737831271476104 -9.138769234074926
38.73783125072771 -9.138769244464427
38.73782945354197 -9.138770303101275
38.7378294533699 -9.138770443440835
38.73797134914474 -9.138697712374535
38.73793453798139 -9.138709335188313
38.73784695040096 -9.13876037346752
38.73784685244111 -9.13876051351458
38.737846964748265 -9.138760440246587
38.737846884132026 -9.138760486460123
38.73785425130039 -9.138756199194255
38.73784751736168 -9.138760180266358
38.73784742450315 -9.138760240473884
38.737847519159814 -9.138760193139438
38.737848263060314 -9.13875977119547
38.73784825034667 -9.138759875302943
38.73793446419457 -9.138709734555372
38.737934439562004 -9.138709794125031
38.737934359484484 -9.13870984352565
38.73793441710844 -9.138709818545417
38.73793443107041 -9.138709843851347
38.73793444570265 -9.138709930399665
38.73793435699146 -9.138709966169767
38.737934327449615 -9.138710006092483
38.73793434921828 -9.1387100056829
38.7379343399268 -9.138710003953218
38.73793428788512 -9.138710030213169
38.73793431946622 -9.138710038236725
38.737834932264185 -9.13876795397775
38.737834962273446 -9.138767958305744
38.73784204173601 -9.138763827491099
38.73784202257714 -9.138763873461835
38.737834901731155 -9.138768008135942
38.737834852755824 -9.138768022168282
38.73782170983885 -9.138775713164053
38.73782378409833 -9.13877459273621
38.73784012259064 -9.138765046215102
38.737840227038554 -9.138765061307891
38.7378401741772 -9.13876510243242
38.737840161008656 -9.138765092618995
38.737841282654614 -9.138764442264295
38.737841224668394 -9.138764503831597
38.737851327692134 -9.138758632226684
38.737851421562816 -9.13875863310795
38.73785118152175 -9.138758776875706
38.73785128915933 -9.138758694830315
38.737857656569986 -9.138755019685878
38.73791093492252 -9.138712186759394
38.73794850519906 -9.13870507314494
38.73794848914994 -9.138705084814102
38.73794851374218 -9.138705104469471
38.73794851128228 -9.138705053361603
38.73794843342966 -9.13870509865537
38.737948566628376 -9.138705035527412
38.73794855940631 -9.138705050827383
38.73792490389148 -9.138718807197463
38.737924918964744 -9.138718796269243
38.73792492072118 -9.138718793919407
38.73793169220511 -9.138714925944527
38.73793151605727 -9.13871499565896
38.737919729370184 -9.138709293547116
38.73791526990026 -9.13871146716258
38.73791116317743 -9.13871494211594
38.7379065272226 -9.138717936064538
38.73790690672145 -9.138717275696822
38.73790701165113 -9.138718603657605
38.737918437219626 -9.138713605369052
38.73797049865704 -9.1386968727114
38.73797054876658 -9.138696840604382
38.7379285538211 -9.138707663607422
38.73792886177044 -9.138704659689958
38.737928515039904 -9.138705930814426
38.7379335887274 -9.138699138696948
38.737917321150505 -9.138695925043299
38.73792087937703 -9.138703581221732
38.737917392006096 -9.13869583348156
38.73792268734769 -9.138697125426333
38.73791869291299 -9.13869455733411
38.737918679405034 -9.1386945531647
38.737993852961566 -9.138703980642513
38.73794716895415 -9.138705948869482
38.73794717436292 -9.138705937599877
38.737978797309246 -9.138709698735964
38.73797877113467 -9.138709853964066
38.73797869960447 -9.138709854205656
38.7379789616538 -9.138710122772574
38.73795046114683 -9.138703570729422
38.73795045070149 -9.138703586775907
38.73795074663954 -9.13870381447572
38.73795116937908 -9.138703500463683
38.73795115669433 -9.138703511240235
38.73795151824767 -9.138702377422387
38.73795106886822 -9.13870212949444
38.737951130591405 -9.138702116700848
38.737951896335865 -9.13870154060083
38.73795169969576 -9.138701461313637
38.737952224928165 -9.138701126528522
38.73795276198541 -9.138700119277232
38.7379527398598 -9.138700053268163
38.73795226250394 -9.13870031754234
38.73795230978295 -9.138700337219877
38.737952068609246 -9.138700178756496
38.73795204323203 -9.138700158690837
38.73795249773044 -9.138699838153013
38.73795247091305 -9.13869984312385
38.737952746009285 -9.138700024251134
38.73795267534479 -9.138699986743317
38.73797682991712 -9.138700915221632
38.73797220244606 -9.138700374439374
38.73797208630157 -9.138700245892599
38.73797435778244 -9.138700495387313
38.73797449461632 -9.138700359594937
38.737980432572925 -9.13870103870513
38.73798045910912 -9.138701065908963
38.73798242683857 -9.138701312434542
38.737982442023544 -9.138701277000989
38.737982466635536 -9.138701298586183
38.737995471740895 -9.138702560963944
38.73799386436209 -9.138702344719634
38.73799384609541 -9.138702285316578
38.737964746723435 -9.13869631260253
38.73796490949179 -9.138695579539332
38.73795945733117 -9.138695049647248
38.737979337257414 -9.138697675690924
38.73798756154388 -9.13869837053728
38.73798399175327 -9.138695801610655
38.73798698737876 -9.138695136342031
38.737987156045826 -9.138694799307729
38.73799115735611 -9.13869521959989
38.73796449730357 -9.138690943885749
38.73796340279387 -9.138689797186592
38.737963846117665 -9.138690110309632
38.73795656194575 -9.13869047891738
38.73795675361161 -9.138690431895972
38.73795819027401 -9.13869346257698
38.7379566246057 -9.138689915991845
38.73796122976184 -9.138686175383448
38.73796130469041 -9.138686143103497
38.737946620770344 -9.138675442110776
38.73795438472516 -9.138682991756504
38.737947149373625 -9.138685550057337
38.73794659389271 -9.138685368020878
38.73798737724274 -9.13870421195987
38.73794408446284 -9.138685139257893
38.737955053140155 -9.138694710508618
38.73795375477862 -9.138690443154754
38.7380120134206 -9.138714649974592
38.73801235341561 -9.138715343562422
38.73801257965999 -9.138715415450399
38.73801251797952 -9.138715680262404
38.738014773847496 -9.138715939952572
38.738011700997866 -9.138712370507765
38.7380005645866 -9.138698955765777
38.738012423326715 -9.138711638218124
38.738013931409576 -9.138712089921718
38.738020285201586 -9.138719847920182
38.737975831418055 -9.138701248064429
38.73797545865169 -9.138700611054569
38.73798037094727 -9.1387025551285
38.737980370208184 -9.13870288438465
38.737964990252955 -9.138690209165683
38.73796476731893 -9.138688014271661
38.73796355880618 -9.1386777220263
38.73796098896364 -9.138682880432869
38.737963652803664 -9.13867522810387
38.73797200703283 -9.1386762921549
38.73794367574776 -9.138671473102804
38.737942058536305 -9.138673261325469
38.737942060313955 -9.138673177785902
38.73794204720375 -9.138673167397787
38.73796041836834 -9.138679736215243
38.737972789940166 -9.138687613778213
38.73800351391986 -9.138690646961347
38.737994210071996 -9.138684334074046
38.73798901329909 -9.138686737720196
38.7379822939194 -9.138693219673874
38.737983885015026 -9.138691280481062
38.73798380578484 -9.138691337223314
38.73799564260196 -9.138693030211625
38.737994749352396 -9.138692868200076
38.73800289642501 -9.138716957831315
38.73801031881502 -9.138704606100875
38.73805733570929 -9.138705364852898
38.737979432433534 -9.13869843585577
38.737998850033556 -9.138689418554108
38.73798124307281 -9.13868687128054
38.73799817925825 -9.138676369784003
38.73799490132893 -9.138675242970692
38.73799037982759 -9.138679185397496
38.73799070792592 -9.138679143293976
38.73798732396259 -9.138681111045912
38.73799438867581 -9.138688728431381
38.7379928005814 -9.13869102153357
38.73799725778301 -9.138693579294724
38.737991688918484 -9.138694356015431
38.737988714129855 -9.138690499853581
38.73798355973225 -9.138709612058651
38.73798406851241 -9.138699619864072
38.738000591458004 -9.138702167584256
38.73800098757233 -9.138711572659616
38.738003341080045 -9.138709035844723
38.73799930796636 -9.138697182721423
38.73800179906073 -9.138695341416925
38.737997891228105 -9.138694719607056
38.73795997482411 -9.138692743652394
38.73796181899032 -9.138696173650631
38.737989076888496 -9.138709048898473
38.737987927535464 -9.138710399295437
38.737971678197134 -9.138691260894358
38.73797077405024 -9.138688568515434
38.73797612818991 -9.138690451404884
38.737983320590594 -9.138708809516
38.73797627353214 -9.138689941583754
38.73796160227086 -9.13869324527472
38.7379503656032 -9.138692119732276
38.7379590508131 -9.138700129118929
38.73795301543492 -9.138694685345667
38.737949066517984 -9.138694502522325
38.737948989965815 -9.138694628566435
38.737948685141646 -9.138694575170312
38.73794852429053 -9.1386936379595
38.73795156821285 -9.138690783276225
38.73795655440031 -9.138691512622682
38.7379555699665 -9.138691563133147
38.73799405079586 -9.138700777004974
38.73799141190057 -9.138712886617695
38.737986199111724 -9.138734664072734
38.737984687168655 -9.138729157924251
38.7379863247926 -9.138707991478162
38.73792794078645 -9.138728829326974
38.737945260157936 -9.138688284668703
38.73794419729167 -9.138690182190427
38.737946458162156 -9.138692863687337
38.73796723996689 -9.138691890938526
38.73795376093096 -9.138681363824626
38.73795218649046 -9.138694115447851
38.7379502856321 -9.138703301236076
38.737950114842526 -9.138696634271797
38.737949794347024 -9.138696457852108
38.737949126977014 -9.13869683010961
38.73794933594094 -9.138696611939936
38.73800715540713 -9.138707754507314
38.73792853665803 -9.138693085025972
38.73792651808797 -9.138699530304825
38.737926446443026 -9.138699504404226
38.73792645286951 -9.138699489532764
38.73793037085776 -9.138695417730284
38.737932504914355 -9.138686521534668
38.737930280925134 -9.138695384176904
38.73793040991959 -9.138695560381858
38.737931016242214 -9.13869355552411
38.73793091268181 -9.13869356581439
38.73793545196248 -9.138704766336412
38.737935392844186 -9.138704848198584
38.73793741543233 -9.138704038861883
38.73793741343781 -9.138704054257733
38.7379374058568 -9.138704043217952
38.73793743465115 -9.138703935002306
38.737937426509056 -9.13870396576911
38.73793748891311 -9.138703975593776
38.73793751429041 -9.138703960249776
38.7379377900975 -9.138703706219834
38.73793795140577 -9.138703676783576
38.73793796096846 -9.138703670126317
38.73792086752658 -9.13871876616488
38.73795411210155 -9.13869724410327
38.737958972275706 -9.138694689609691
38.73796154914547 -9.138690104833927
38.7379603143325 -9.138691840162897
38.73796202094093 -9.138692460516644
38.73795794659147 -9.138694170368266
38.7379538478347 -9.138695831911877
38.73795393292601 -9.138696023265206
38.73795588104699 -9.138693135034233
38.737952230757614 -9.138698376364296
38.73794004696317 -9.138723197184053
38.73798288234767 -9.138715280970512
38.737982952675395 -9.13871685054433
38.737981923115434 -9.138717363876466
38.737981484054224 -9.138713944007607
38.73798280757632 -9.138718394990741
38.73796762079706 -9.138733092376413
38.737972902943646 -9.138732474568176
38.7379881763249 -9.138728804617152
38.73798543896535 -9.138730346961543
38.737982101459586 -9.138732481690448
38.73798600659844 -9.138731945948045
38.73798023817588 -9.138727951815595
38.737979036239494 -9.13872861717995
38.737981150331294 -9.13872961794909
38.73798160074117 -9.138729617751288
38.737984847748955 -9.13873725745396
38.73798558038206 -9.138740282560505
38.73799098630258 -9.138739368898436
38.73798495195788 -9.138738779846395
38.73798424126884 -9.138738369716425
38.737978003011406 -9.138735616632285
38.737989394531574 -9.138729207906332
38.737989758111574 -9.138753902081534
38.73798344466245 -9.138753806708989
38.737981619574256 -9.138754177023682
38.7379830690658 -9.138754159721843
38.73798366320289 -9.138751269460075
38.73798903209661 -9.138751339448762
38.7379893263896 -9.138752483820515
38.73797557634586 -9.138742214889566
38.737975576678615 -9.138742242212771
38.73794678752645 -9.13878104034703
38.737947643409456 -9.138796959287026
38.737950810351045 -9.138794709505763
38.73796105312983 -9.138799070722467
38.737956455999765 -9.138800262795385
38.73795780867318 -9.13879678963767
38.73795554324803 -9.138799051445444
38.73795337671691 -9.138800462092144
38.737950796827874 -9.138798681111872
38.73795116882955 -9.138797967248047
38.737966711790946 -9.138792190405272
38.73795530463968 -9.138798972836987
38.737960013717995 -9.138811557013426
38.73795713003852 -9.13881118821937
38.7379621469942 -9.138807939154175
38.73796260513157 -9.13879792258345
38.73796516025113 -9.138796424785179
38.73796495419518 -9.138797083202308
38.73796487072808 -9.138797703938597
38.73794978849632 -9.138836133934289
38.737953909453765 -9.138838092210337
38.73795225738569 -9.13883869464265
38.73794982085883 -9.138832647996159
38.73794699230863 -9.138829568661132
38.737948294651126 -9.13882723190309
38.73794686995006 -9.138827296106374
38.73795574186568 -9.138826729231905
38.73795515897264 -9.138828008805138
38.7379509240037 -9.138830862610515
38.737943120151606 -9.138890347842173
38.737905721955386 -9.139090506092279
38.73790432353589 -9.139091971492185
38.737900408778955 -9.139092153787914
38.737809671494894 -9.139116199905326
38.73780924521352 -9.139116606716987
38.737800793007715 -9.139114105137772
38.73779921780142 -9.139114837492931
38.737762359009686 -9.139133929031866
38.73777085127532 -9.139134229485682
38.737768412318 -9.13913575338641
38.737771153159585 -9.139135399025362
38.73777614483422 -9.139134275169049
38.737773268358474 -9.139124963306008
38.73777203979428 -9.139124676175598
38.73775738725811 -9.139122400277081
38.737756821070754 -9.139117835047314
38.737733734010654 -9.139127545320472
38.73773573877137 -9.139132418217825
38.737732180496494 -9.139131253505008
38.73773085278619 -9.139127595339605
38.73768279719452 -9.139133081397828
38.73768190334043 -9.139133213274492
38.737690163458836 -9.13913220921254
38.73768578465337 -9.139130673452986
38.73769434933141 -9.139126029136284
38.73769744409609 -9.13912182858606
38.73768898064747 -9.13912512898992
38.73768547473391 -9.139132915158683
38.73767688063762 -9.139134970916032
38.73767757268663 -9.139141973411302
38.73767700596779 -9.139141980488699
38.737676117899845 -9.139142104468096
38.73767419028986 -9.139142534545703
38.73766879281196 -9.139179967198904
38.737678005161705 -9.139154999544418
38.73767852107995 -9.139142307792724
38.73766457488169 -9.139187577500131
38.73767919347431 -9.139164813152354
38.73767940511199 -9.139164984391048
38.73765180712946 -9.139156094791048
38.737658656596324 -9.139189076374938
38.73765820599394 -9.139188912770539
38.737663324783696 -9.139180091960721
38.73765645741924 -9.139165377921293
38.737668560569055 -9.139156208327575
38.737668020306295 -9.139155481255983
38.737667075080246 -9.139155558372424
38.73767397388254 -9.139109624776873
38.73767395632785 -9.139109735874948
38.73767142446447 -9.139110154413439
38.73767074600605 -9.139110340582944
38.737670602876335 -9.13910993926886
38.73766962113153 -9.139108975562431
38.73764933256228 -9.139128564020726
38.73765156197452 -9.139130257569494
38.737649129669215 -9.139125136702294
38.73762706664918 -9.139115012104595
38.73762779879397 -9.139107222905784
38.73760606697662 -9.139096324020032
38.73760444356347 -9.139100011973868
38.73760367416577 -9.139099683349686
38.737599627932056 -9.139099968062085
38.737610803202 -9.139116130551226
38.73756171805105 -9.139141647570984
38.737560466330635 -9.139143563702685
38.73755995363215 -9.139143036138835
38.73755428230677 -9.139133851028978
38.737553223118645 -9.139135158420702
38.73756060084478 -9.139130351369916
38.73756017797475 -9.13913055495898
38.73755966139626 -9.139130341514045
38.73755875619706 -9.139130490200621
38.737559561292905 -9.139134820687026
38.737535065782076 -9.13908934855686
38.73753394606197 -9.139088869128754
38.73753330246962 -9.139088711710889
38.737488997158714 -9.139064693628935
38.737488181975976 -9.139064740176796
38.737487139454174 -9.139064688698722
38.737478238448816 -9.139057113344581
38.73747228220802 -9.139055114664567
38.73751984393878 -9.139112889076753
38.737519196589055 -9.139112629990224
38.73751843301573 -9.139112699402517
38.73751811739682 -9.139111812569118
38.737517516876586 -9.13911196007219
38.73751688165417 -9.139111823547244
38.73751650700379 -9.139111052159024
38.73751403022186 -9.139113040282306
38.73751336290123 -9.139113139889542
38.73751379890469 -9.139112478998337
38.73751040803736 -9.139120515668532
38.7375131856279 -9.139117142929248
38.73751223229699 -9.139116362901106
38.73751280842626 -9.139118271687492
38.73751460224321 -9.139097538372207
38.73751376570654 -9.139097927171811
38.737517120283 -9.139107090384426
38.737512216370966 -9.139097074061384
38.737512504817765 -9.13909469811664
38.73746732300085 -9.13909301326891
38.73746867024577 -9.13909603954279
38.73746758631263 -9.139098436102602
38.737439852498 -9.139089074026124
38.73739958459971 -9.139087950192966
38.737401149154756 -9.139084546760762
38.737430068439885 -9.139075489406217
38.73742909930331 -9.13907569233533
38.737219939786314 -9.138930590801245
38.737219117763196 -9.13893065796101
38.73721799974003 -9.138930972930677
38.73735503358209 -9.139062678063315
38.73735239978122 -9.139061742988167
38.73735158185498 -9.139061548110323
38.73735425814445 -9.139062365870238
38.737353203585855 -9.139062625213452
38.73735232497852 -9.139062445559073
38.737120789952506 -9.139020167730244
38.73710609805043 -9.139039324373579
38.73710546971517 -9.139040190472723
38.73710379471948 -9.139031675925544
38.73717018510012 -9.139050438843016
38.73720403678146 -9.13905728423911
38.737203335501796 -9.139057114333665
38.737226980101454 -9.13907136404822
38.737216036867636 -9.139062172594638
38.737312484763066 -9.1390662866342
38.737230208928395 -9.139268059852855
38.73724305262327 -9.139370320206496
38.73725622128322 -9.13942005923629
38.73725842514309 -9.139421124268177
38.737256711311325 -9.139422405165979
38.73726043157687 -9.139422948131434
38.73725611320547 -9.13942047071103
38.73725596941332 -9.139420631236982
38.73726252844427 -9.139424084632171
38.73726684508327 -9.13942154401856
38.73726986922911 -9.139423249179174
38.73725972675562 -9.139428975143455
38.737268275892376 -9.139448307383237
38.737265519832036 -9.139448711026121
38.73722954666804 -9.139455875268315
38.73725528133752 -9.13947254542642
38.73726421551391 -9.139461814170014
38.73726165062916 -9.139472223173184
38.73725709874719 -9.139475001201935
38.737261965161004 -9.139473990650679
38.73726150629498 -9.13947627025329
38.73725974095133 -9.139481599310583
38.73725959554438 -9.139482086226323
38.73725479532567 -9.139482204488436
38.73725922166717 -9.139483620662974
38.737258756940555 -9.13948408161084
38.73724286805251 -9.139484773433084
38.73723690458874 -9.13950538781757
38.73725332870319 -9.139527741834426
38.737253181036714 -9.139528793427676
38.73725563309748 -9.13953434266354
38.73725565471304 -9.13953538681592
38.73725500317829 -9.139536188849085
38.73725478575457 -9.139537205693433
38.737254890185326 -9.13953825488971
38.73725475546477 -9.139539365139555
38.737254768739334 -9.139540363790758
38.73725498681958 -9.139541331735227
38.737254816720885 -9.139542364100885
38.73725504813677 -9.139543418850819
38.73722903139046 -9.139557915554862
38.73722455790713 -9.139558493742909
38.737239236174474 -9.13956069289262
38.73723039487018 -9.139560480175057
38.737230021547155 -9.139562226341047
38.737230140254034 -9.139562539753983
38.7372568567343 -9.13955959459481
38.73725669338634 -9.139560634174522
38.73725475590207 -9.139607090407532
38.73725461670312 -9.139610732146894
38.73723507345838 -9.139625101525581
38.737228359017415 -9.139634977762336
38.73723190355511 -9.139635698023717
38.73722546524484 -9.13965985833303
38.73722053569291 -9.139660001311633
38.73723165547471 -9.139658282379557
38.73721727801266 -9.139702382790299
38.73720362066062 -9.13970514863643
38.73720311499081 -9.139706144959433
38.73721623936145 -9.1397047703915
38.73721576416827 -9.139705719883217
38.73723565838881 -9.139712262844652
38.737235482806724 -9.139713175667179
38.737232981973314 -9.139713192896373
38.73723238882828 -9.139714051957984
38.737233750119096 -9.13971572861331
38.73723305657577 -9.139716180197286
38.737232973424796 -9.139717364152656
38.7372314385318 -9.139718872678229
38.73723041007123 -9.139718386621663
38.73723002073969 -9.139719184418956
38.73718201138079 -9.13973923682684
38.7371872939657 -9.139738865782148
38.737186340836374 -9.13974047315366
38.73718608759048 -9.139740611412746
38.737185672844376 -9.139741648592395
38.73718671882906 -9.139741959536082
38.737185990071474 -9.13974286949462
38.73718541061341 -9.139743696704272
38.73718502282575 -9.13974440368609
38.73719046721091 -9.139744868765286
38.73716172593738 -9.139740520145528
38.73712371647576 -9.139723083165103
38.73712330755502 -9.139723428172243
38.73718921536866 -9.139762107342253
38.73718870455815 -9.139762657891207
38.73718624475171 -9.139762348280815
38.73718385309563 -9.139763146670031
38.73718280408558 -9.139763551021714
38.7371822878455 -9.139764226110211
38.73718143547394 -9.139764755956167
38.737183354966625 -9.139764773463408
38.73718262581861 -9.139765403492605
38.737198603956834 -9.139762146323728
38.73713719301904 -9.139812888186613
38.73713543229966 -9.139813207581014
38.73713557044319 -9.13981381075639
38.737134989992725 -9.139814232444847
38.737136247517164 -9.139808703814086
38.73708094457721 -9.139790239041483
38.73708225288693 -9.139791260060717
38.73708214154646 -9.139791085000077
38.737088911983264 -9.139801347164179
38.73708809399323 -9.139800122639103
38.737087680976146 -9.139800173372814
38.737085471613106 -9.139804331865472
38.737086226606124 -9.139803755938706
38.73708499151874 -9.139802912154732
38.73708442955881 -9.139802743089756
38.737083783023216 -9.13980197556036
38.73708285880533 -9.13980198911977
38.737080262662474 -9.139803875360963
38.736948238456534 -9.139732922429722
38.73695994944312 -9.13974069733881
38.736986359783096 -9.139809428855965
38.736985234945415 -9.139809377077874
38.736984888542175 -9.139809249830297
38.73698402446465 -9.13980911808622
38.73698291873225 -9.139809231222706
38.73698158059446 -9.139810925064799
38.73698043557438 -9.139810863728366
38.736978238621994 -9.139812103461137
38.73697755742486 -9.139811990580284
38.73697609253152 -9.13981069322408
38.73696479030129 -9.139777385442265
38.736966188924235 -9.139777088102589
38.73696128715782 -9.139774477237085
38.73696129294129 -9.139774016849845
38.73696046186486 -9.139773802438938
38.73695910418685 -9.139773668153618
38.73695826571248 -9.139773653620091
38.736958418605134 -9.1397736376272
38.73695761620609 -9.13977347368705
38.73695819819732 -9.139773082278465
38.736957080738414 -9.139773763977754
38.736954703028495 -9.139773150786464
38.73689116671216 -9.139748704176922
38.73688849609786 -9.139748382646594
38.73688756288944 -9.139748571642157
38.73688744004209 -9.139748635166514
38.73687077781036 -9.139764121635453
38.736798631802564 -9.139780183070739
38.736798073487506 -9.139779443647079
38.73679712884486 -9.139779637155897
38.73679638406735 -9.139779994449048
38.73624703937278 -9.139385235160855
38.73624726392135 -9.139384040436349
38.73623725224503 -9.139235588080929
38.73626137923195 -9.139103384749133
38.736261694589636 -9.139102789983754
38.736260725289554 -9.13910104161348
38.73626195504039 -9.13909933996887
38.736261931165764 -9.13909766908419
38.73626228333395 -9.139096389149326
38.73626180220005 -9.139095293161606
38.736259916411086 -9.139095016926314
38.73626031840364 -9.139094043504626
38.736260136920954 -9.139092826454347
38.73742662595287 -9.138973962191946
38.737426999048566 -9.138973469192349
38.73742727462746 -9.138974638896887
38.73742808535634 -9.138974663662156
38.737428967650864 -9.138974612132401
38.73744226589285 -9.138977871401156
38.73744463930373 -9.138973524043651
38.73744579438407 -9.138973470774117
38.7374476001629 -9.138973190564352
38.73745008293531 -9.138972735208652
38.73745221423388 -9.138978283586633
38.73744447082219 -9.13898237546925
38.73744196758734 -9.138981068753756
38.73743822352331 -9.138985815514866
38.73746130384542 -9.138983552852094
38.73749767852484 -9.13903918470006
38.73750522621412 -9.139027237627811
38.73750540857605 -9.13902682964927
38.737506770895436 -9.139027063298148
38.737507165185605 -9.139025228487343
38.737512976230214 -9.13901980604905
38.737516293077846 -9.139017601666232
38.73751718450606 -9.139017739494095
38.73751991988338 -9.138999061072173
38.73733543204665 -9.139141266420491
38.737336288209335 -9.139141591703396
38.73733521147084 -9.139141347472266
38.73733577754246 -9.13914694835174
38.73731075441645 -9.139166810315292
38.73756728364653 -9.138985073035675
38.73756786291343 -9.138986179917039
38.73756786371724 -9.13898657972403
38.73756928629886 -9.13898462709424
38.73755423100346 -9.138998051127507
38.737551050850115 -9.13900004682267
38.73755130877121 -9.139000215458047
38.737691021603034 -9.13901901617142
38.73768572905516 -9.139027585755162
38.73768684026214 -9.139027234804852
38.7377263295648 -9.138982593737577
38.73772781921452 -9.138981952273024
38.73773054867496 -9.138993865212894
38.73773182717661 -9.138993981374421
38.73773218561419 -9.13899667285819
38.737827920437574 -9.139033467969234
38.73782965584952 -9.1390336423287
38.73783084776633 -9.139030019497952
38.73786429070464 -9.139014371107335
38.737852054355955 -9.139021841880597
38.73788921079498 -9.139042760265548
38.73788976313794 -9.139042356497214
38.73788663904556 -9.139043709250739
38.73788701290949 -9.139043561740156
38.73788745434289 -9.139043234517265
38.73795289535232 -9.138959549317516
38.73795326793192 -9.138957371283052
38.73795379288854 -9.13895430619889
38.7379497442895 -9.138947909846664
38.73795199700147 -9.138946443423123
38.73795250770919 -9.138944198964952
38.737958899744626 -9.13895255811618
38.73795956472773 -9.1389498793184
38.73796285018884 -9.138947902871301
38.737962886577314 -9.138946963676451
38.737971399622346 -9.138887683881189
38.73796957817652 -9.138886474460689
38.7379572661229 -9.138785360442608
38.73795821696055 -9.13878349520433
38.737960975163126 -9.138770841247169
38.73794460278326 -9.138766324998407
38.737961236295575 -9.138757882315836
38.73796271097594 -9.138751842280195
38.73795733266675 -9.138747738349483
38.73796394655306 -9.138756404482358
38.737966044419785 -9.138756065939923
38.73796783647332 -9.138755316981529
38.7379809219466 -9.138737472809431
38.73798016590777 -9.13873584695727
38.73797738322733 -9.138735118167478
38.73797382079921 -9.1387383124351
38.73796594746767 -9.138742126109502
38.73796822551816 -9.138742583941847
38.737965361992906 -9.138743948573998
38.73796622190984 -9.13874420844198
38.73796729024752 -9.138742923656457
38.73796601221116 -9.138743160498452
38.73796243839192 -9.138744011027677
38.73796277438945 -9.138743982244986
38.737963767095145 -9.138743005236561
38.73796207549603 -9.138743196950433
38.73794071529949 -9.138727837093219
38.73797845953457 -9.138695666153012
38.73797887691148 -9.138697663846768
38.73797849610073 -9.138696117969335
38.73792166327533 -9.138713905147293
38.737914516927425 -9.138712740290401
38.737913930959714 -9.138713830142521
38.73792385696486 -9.138710815765632
38.73792431687017 -9.138710382086046
38.737926884298595 -9.138708854725103
38.73792855641428 -9.138708977886568
38.737927211269884 -9.138718920067749
38.7379158825512 -9.138723649590577
38.73792026050765 -9.138720912530786
38.73794785779474 -9.13869810666899
38.73800538246094 -9.138676363032014
38.73800542537653 -9.138676361788825
38.73800539178559 -9.138676338350145
38.73798330220924 -9.138679463206515
38.737983280064086 -9.138679471419211
38.737981556372496 -9.138678877043757
38.73798929419151 -9.138676996747774
38.737988147811876 -9.13867662911829
38.73798447043764 -9.138679580734948
38.73798075240685 -9.138680261398992
38.73797361205443 -9.138682120796753
38.737972905958564 -9.138682272437826
38.73797257707217 -9.138682189974205
38.73798320366758 -9.138686261804846
38.73798317685632 -9.138686238300581
38.73800150748132 -9.138683548425282
38.73794039698101 -9.138696206009683
38.73798975266538 -9.138673484788411
38.737989800147226 -9.138673468454579
38.73798975946204 -9.138673484157799
38.73799153810784 -9.13867288366997
38.73799158433667 -9.138672966671098
38.737991606519074 -9.138672952352499
38.7379916180048 -9.138672730597934
38.737991891994 -9.138672663725169
38.7379918852952 -9.13867276088675
38.73799193149387 -9.13867276175941
38.73796183400261 -9.138695606067044
38.73796184040379 -9.13869555610486
38.73795987844546 -9.138696987514557
38.73796094824824 -9.138697196450027
38.737960717991 -9.138697014037517
38.7379605362463 -9.138697093474384
38.737960626875754 -9.138697119931217
38.73797665514738 -9.138685186230054
38.737976428650704 -9.138685315491392
38.73797556025244 -9.138685194423562
38.73799634302556 -9.13867132282833
38.73799622548821 -9.138671381273543
38.73799715078738 -9.138671153323106
38.737997179434004 -9.13867111733527
38.7379963594968 -9.138671383473719
38.7379964706762 -9.138671438559019
38.737996448163884 -9.138671433397406
38.737996546792274 -9.138671351940118
38.73799907246641 -9.138670532901347
38.737998749049076 -9.138670696963343
38.737998849152454 -9.138670682353222
38.73799879728564 -9.138670680401006
38.73794377438311 -9.138693552078374
38.737941913316966 -9.138688623693358
38.73793897730198 -9.138684228372341
38.737969049060894 -9.138688346900087
38.737969002759485 -9.138688357901838
38.737968923399926 -9.138688242325989
38.73796890754352 -9.138688352428858
38.73796893300781 -9.138688333852912
38.73796899104538 -9.138688322516206
38.7379690581989 -9.138688374448614
38.73796896519002 -9.138688470695628
38.73796894536131 -9.138688479111913
38.737968890685515 -9.138688493938067
38.73801241505688 -9.138695894174155
38.73801238282851 -9.138695906992016
38.73801240651888 -9.138695890278589
38.73794822280269 -9.138710512696468
38.737948277662355 -9.138710527830055
38.73794828940433 -9.138710504521505
38.737948153645895 -9.13871071979312
38.73794809792915 -9.138710702821358
38.7379479632034 -9.138710705214452
38.7379479530677 -9.13871073224202
38.73800237132182 -9.138698260071234
38.73799715420265 -9.138699433514862
38.73799490460013 -9.13869998377324
38.73799489862547 -9.138700160152192
38.73799496305624 -9.138700189613782
38.738010710861055 -9.138696194209823
38.73801071584361 -9.138696207956205
38.738018157361466 -9.138694491054796
38.73801821403521 -9.13869447203199
38.738018158666826 -9.138694756612749
38.737996712678296 -9.138699580620912
38.73798869401065 -9.138700296359465
38.73800575987377 -9.138696443303317
38.737992973656304 -9.138699278159535
38.73798949245108 -9.138700050841715
38.73801011188118 -9.138695441787112
38.73801012360272 -9.138695406011259
38.737996922768176 -9.138697704369578
38.7379968828334 -9.138697569590267
38.737994667382836 -9.138698093267191
38.73799751778686 -9.138697451712613
38.737997466279644 -9.138697473063974
38.737997508052324 -9.138697047822623
38.737997538261624 -9.138697018165557
38.7380026987858 -9.138691776325865
38.738010869348194 -9.138690051056964
38.73801093086003 -9.138689978686621
38.73801080855954 -9.138689263280163
38.73800977151451 -9.138680136372836
38.73801219372367 -9.138679855580554
38.73801916821983 -9.138679054626923
38.738003514603754 -9.138681005445298
38.738003553222256 -9.138681048304246
38.738003609931496 -9.138681031597018
38.73800370741684 -9.138682191638924
38.73800858464469 -9.138682133242797
38.7380122133959 -9.138681644256803
38.738011426774065 -9.138681747328098
38.738011435592334 -9.138681685133408
38.73801143149004 -9.13868167971148
38.73802641543694 -9.138679679532832
38.738026412805304 -9.138679626105558
38.738021867019434 -9.138680181889464
38.738021953602434 -9.138681269281731
38.738017839652095 -9.13868177095949
38.73795565096757 -9.138688230379495
38.73795568547521 -9.138688211429157
38.73795588931832 -9.138686053670302
38.73795591347427 -9.13868604763987
38.737955891266786 -9.138686006949705
38.73795586888005 -9.138685998737001
38.737955896088266 -9.138685584601465
38.73795596498305 -9.138685588420945
38.737955919142614 -9.138685509280124
38.73795590652132 -9.138685513472932
38.738009868319004 -9.138681198835922
38.738009868781134 -9.138681180870488
38.738009893837706 -9.138681198510278
38.73802000818713 -9.138679550808938
38.73802053412424 -9.138679500167289
38.73802063620817 -9.138679929524951
38.73802306274341 -9.138679629600226
38.73802299612006 -9.13867956322865
38.73802301394512 -9.138679509717992
38.73802651530917 -9.13867948378415
38.73803156599584 -9.138678902562853
38.73803157340585 -9.138678844213826
38.73803159234708 -9.138678893885603
38.737955213471714 -9.138689032775815
38.73795521815339 -9.138688974696043
38.73795515301507 -9.138688971278318
38.73795512219994 -9.138690174405278
38.737955051600046 -9.13869007353008
38.7379550425985 -9.138690067680988
38.737955011033606 -9.138690059932195
38.7379550365295 -9.138689691301042
38.73795495140391 -9.13868960856915
38.73795495119903 -9.138689612811364
38.738022317230836 -9.138678787646972
38.738022329668546 -9.138678733589906
38.73802235447746 -9.138679058063541
38.738029045858966 -9.138678336961556
38.73803091178853 -9.138678061920025
38.738030918500804 -9.138678032500005
38.73803087323095 -9.138677570004685
38.738020376724606 -9.138678814108195
38.73802030326757 -9.13867879434454
38.73801743063192 -9.138679099677692
38.73795545184123 -9.138685697484547
38.73795549852692 -9.138685618787534
38.73795556089863 -9.138684896558235
38.737955602463856 -9.138684887001649
38.737955500546754 -9.138683488799916
38.7379555693725 -9.138682783825885
38.73795567520893 -9.138682367391358
38.737955610506155 -9.138682220070828
38.73795567094276 -9.138681762380731
38.73795552983996 -9.13868177032674
38.73795548900207 -9.13868169990352
38.73795548875457 -9.138681631716977
38.73795541577594 -9.138681627900157
38.73795543640042 -9.13868155530927
38.737955348906794 -9.138681530771228
38.73795535546896 -9.138681676255885
38.73795539867568 -9.138681714349579
38.73795540626443 -9.138681691415933
38.73795528578541 -9.13868163827385
38.737955318062475 -9.13868173841722
38.73798896612856 -9.13867548911704
38.73799322000526 -9.138674878203272
38.73799324382399 -9.138674722876827
38.73799872132528 -9.13867471364273
38.73799864540651 -9.138674631895574
38.73799905566945 -9.138674428440776
38.73799899436704 -9.138674383159351
38.737999001770376 -9.138674225042127
38.738002994241 -9.138673763412452
38.73800296591195 -9.138673764590175
38.738002931714824 -9.138673701508965
38.73800297570293 -9.138674244656226
38.73799891802028 -9.138674715870371
38.737999802292144 -9.138674516395216
38.737999705297405 -9.138674505096997
38.7379532222591 -9.138679249559358
38.73795321300541 -9.13867919072637
38.73795313461651 -9.138679196556552
38.73795314564747 -9.138679126410908
38.73795321211286 -9.138679057322294
38.73795312174084 -9.138678993306504
38.73795311551764 -9.138678783742952
38.73795317632654 -9.138678710234343
38.737953119468195 -9.138678669144062
38.73795304703588 -9.138678673226934
38.73795308664072 -9.138678989363626
38.73795300907025 -9.1386790413796
38.737953002682595 -9.138678951709437
38.73795296265829 -9.138678927016828
38.737952957297175 -9.138678900136057
38.73800516639512 -9.138672743496912
38.7380051330668 -9.13867282451169
38.73800517959557 -9.138672857559772
38.7379930665963 -9.138674074677457
38.737993122039626 -9.138674045698309
38.737993132802245 -9.138674150535676
38.73799314124973 -9.138674198305221
38.73799105323843 -9.138674418090964
38.7379908572936 -9.138674391998418
38.737990893619674 -9.13867445275281
38.737950476529896 -9.138678864219063
38.73795046281577 -9.138678992819594
38.73795048711525 -9.138678777351766
38.737950492912184 -9.138678759490313
38.73795051892046 -9.1386787469551
38.737950539352006 -9.138678734045152
38.73795050222344 -9.138678648540179
38.73795047981304 -9.138678628919894
38.73795051618713 -9.1386785888712
38.73795060071348 -9.138678643508216
38.73795058865929 -9.13867857900314
38.73795054258463 -9.138678582592417
38.737992898594975 -9.138673951994729
38.73799299807041 -9.138673959917085
38.73799289308221 -9.138674097069677
38.737992964094175 -9.138674070977421
38.73799556733378 -9.138674012152974
38.737995482954695 -9.138673991871935
38.73799524789414 -9.138673936245743
38.73799528781917 -9.138673926208561
38.737995286656115 -9.138673966623436
38.73799516997755 -9.138673932545828
38.737995674739494 -9.138673820445034
38.73799893844239 -9.138673459062113
38.737998936245766 -9.138673462459488
38.737999016361215 -9.1386735012339
